-25139
15405
85329
60003
-14744
-30936
-14953
-55955
-54499
-79045
-62289
78500
-18412
-74615
-92526
-7064
-9787
-64495
-59634
39675
-15060
-48907
-69301
-57679
-62481
2950
-4556
13652
15524
-95639
-52478
58946
18829
24604
51822
39063
81869
-28586
4179
-11424
95540
44592
33072
-23251
29381
-86041
-19062
-28566
90038
-86700
7024
-31911
-68946
48933
42697
32452
-5611
-59484
-53401
-93181
-33719
30648
-14800
-1396
-33212
-57390
-78969
-74472
-32025
74834
68575
-32868
49138
67267
-42990
49574
78427
27916
-26958
75950
79702
98122
-94809
-85640
-68441
-95336
-88712
-20917
-23737
2657
-99505
-75814
43652
-60044
13978
-40045
56210
28947
-17441
-73323
93454
55145
-76668
91125
64063
51134
-20453
49525
-7520
56765
-28817
73907
88874
53237
-76713
-62986
29792
65621
20749
7216
83507
-83622
10966
-99680
-37435
-57625
42946
-64263
-34008
-35360
64651
-68757
-44406
-16517
-90327
-67782
-79051
69471
-61251
35716
57391
-22736
89403
-6095
97568
1469
70239
52911
71722
-2255
78336
-36393
39819
73645
19564
90318
-11125
-60852
12633
-67501
22353
15555
14940
402
23880
57762
82209
-13609
38294
-1221
38698
-75712
97852
-6982
23766
-44611
70236
-53597
-20000
97740
-91609
-8529
56703
48777
28635
-33613
-97134
34495
41022
-38158
7241
60309
95229
-45934
-94976
-80181
-83845
95426
-95514
16347
-31940
20938
-25493
-513
-38318
12393
13014
28798
-33267
-23636
-17705
30038
4069
-15994
-80385
6063
-61735
-74210
-50721
-29298
-11175
38455
78617
78806
-33428
17718
96405
82050
-76438
3721
30546
61963
-6776
-22331
83047
-68961
-36283
26257
-74315
-20173
-97335
15912
-21483
44330
-24704
11431
-56450
31972
35591
18890
-4066
25647
-60090
41797
-8920
60435
-6247
-13312
-92826
-80381
-91845
18927
-4833
-68404
-46433
-36025
48579
21243
-66244
57395
39116
84870
-52577
19237
-66655
-52842
71820
14362
-61061
17097
-19800
-43697
32384
4893
95276
25277
-38909
-94801
-31401
94919
-11571
-76887
-1363
38864
-14404
28962
-85148
88950
38798
36821
66532
-7985
-19003
76378
-48806
13620
-46552
32305
38179
-69667
71568
-71301
786
-16663
36810
-6051
-37339
-90950
-99577
-36440
-55594
-32973
-73822
3861
11137
14587
80999
-5248
-22403
-72710
-96559
41674
-42519
43465
-35462
-18390
-60677
16643
-23919
-95411
19265
84525
-24763
64068
-31030
23145
-90106
21106
-30210
-7649
35162
-8386
29678
-46312
39062
-83759
-78592
22851
-12888
62073
1327
47329
99049
75191
-62083
-95377
-16379
9928
2854
79045
92047
-43298
27878
49558
96663
76663
36707
-5776
-43123
80413
47519
33375
-35420
-88924
34850
-28423
-15163
69197
82852
-15163
12955
19352
-49392
18404
89692
90272
3347
-58949
-32879
-46382
-52556
-62818
412
-37623
96965
-44116
-30745
39567
12958
-44672
88953
-37924
-49786
59998
35995
-95785
-347
48658
88169
31427
-88089
-66760
46803
39290
-54418
84348
57208
-54430
-51131
10567
-98970
32327
84640
76930
-87545
-288
33483
-64960
15861
83295
-68717
68688
-73256
-81979
-41933
37311
-30154
84624
-83628
-49342
-76367
-70817
-15058
44124
-70967
-98718
7052
99865
-16171
-33715
90335
33940
-14451
-54951
47631
15386
-30628
96496
56041
-84511
-86389
-62072
60911
-46821
28445
-56652
-95124
72741
-60223
-32184
-50209
-61130
-66875
15845
-72900
43265
-68733
-97885
-38007
63344
74880
77918
-87195
54194
-83282
34653
-91438
-18206
-98070
-19350
22056
78725
54159
48025
-41784
-21738
32453
47429
37876
25341
88248
61084
24876
18560
31680
39187
-21498
-38915
90055
-24705
-45409
-79613
-45929
-74980
30222
-25432
-39585
79429
54574
-96926
9564
-41898
-58247
61977
-84042
5118
-90661
-12271
86519
48022
-11364
46890
94620
-51356
36580
63763
-21202
-55376
11544
-358
55530
44336
60981
82603
35406
-69597
83031
12525
16443
-96709
-7853
-98208
83607
83257
7872
-11861
-43784
26001
-94598
37553
-35393
-25024
80354
-21535
-66226
64554
-35204
50425
54029
-76753
67580
-84142
-87398
-14534
-79049
-26151
-61747
8163
-59795
-18626
37444
19312
61522
72494
-23706
14371
-70877
-70821
60089
-57220
-57129
-12859
-8961
50538
-65959
65632
-30519
34894
7020
46172
67742
78751
45718
-4341
-42077
70998
-80247
-50038
-14480
-45789
-55367
-743
-62904
-42923
41382
28291
71630
-56618
-67345
7805
93233
-87039
30323
-22400
49612
-28302
65334
-78171
27473
-7349
-32328
-85733
-81730
4827
45658
46389
52943
73016
56177
8318
-86656
-45340
-28783
40121
-27514
44631
-32860
55625
3473
-46786
81662
45352
-16825
61565
51996
-66453
-61100
-8973
-95656
68786
-5540
-81045
78601
35806
60299
56237
-41029
-76395
-55765
-7449
-65126
-10878
17700
-74288
-51642
-17905
-91147
38519
59074
72228
-73843
37343
82052
-78160
-5661
60001
-12982
-87214
69725
48171
-46954
55411
64035
53262
-97813
-99158
58969
7657
64693
42459
-27585
-24609
83612
15835
35061
53821
-87724
-44966
41322
-59155
-26535
39830
44510
-84924
-36079
58928
-29166
-17003
-4054
-87044
-44943
81713
-85785
57362
-17607
10694
52669
-7376
-89262
-33508
8034
3214
-4540
-45399
-76255
32050
-62092
-26829
62388
78269
-91630
48665
17216
21262
-17796
10588
-58157
-99578
-40798
-63297
-20117
20994
21666
87615
60066
77403
-80217
-69826
-23952
99860
45638
-21337
-76416
-54727
8800
17759
-26086
-87935
95569
90402
-24440
141
59608
52840
-30997
-80322
24439
84583
-7299
-25943
-13484
-22714
90698
61851
73536
-77372
-99039
62944
3847
-14104
-88743
67424
-11645
-63570
-53626
-11870
-3761
-14280
38972
45272
65011
56891
87019
-94692
57068
-96640
70571
60693
-39371
52962
-32417
-96512
-17434
21961
77427
28210
-57788
-9053
-48960
24197
5298
-11633
55618
91928
80538
8015
58069
87153
43253
81866
74705
71218
14598
66773
26370
-24101
35503
-25021
-34795
66701
-26861
-22103
5895
56879
4018
3494
98802
22054
60326
54934
49026
-77092
-65304
-11322
76348
14414
50123
46892
-40810
38873
-97050
73486
-11246
80155
86020
31666
-59414
-23747
-90200
-93538
97793
-12268
-40952
-87157
97783
-6539
-41295
6068
-40802
1692
-66014
-17111
730
-16032
60358
-17767
94235
-72374
-36930
-85720
-99915
-26244
91103
-28247
-46755
66361
55766
83868
-83664
76619
3262
-67072
-71218
99087
-3991
-70193
-52626
-71702
-56408
16444
-83880
64674
54227
66401
29887
46897
75210
75176
-83278
97290
53251
49561
-36557
81787
-99683
-74058
-89034
-96152
71942
12828
-10328
81914
-42073
48415
-64177
-81968
37872
-23094
1626
22282
84160
83562
51144
-36612
45093
47397
-22769
-12620
4809
3938
73479
-92746
17122
-8995
-5324
75954
9847
-77184
46390
-41642
-81644
-64521
93754
3845
-47065
-24655
-94274
30383
-12104
-59751
-58783
17096
-63557
-95842
-42151
87104
-80430
49691
-71653
89576
66675
-57401
70140
-22098
-73336
82523
-66894
39998
4180
-88618
77102
88246
-40403
90525
29988
92819
-39430
35367
6347
-29818
31681
-98476
25563
41405
-50037
27367
-66916
-79234
35443
44410
-60788
-6456
88921
-26576
-78083
-47542
-54978
-50227
-62641
94808
-45212
65349
-11945
-91697
-3208
86768
53985
-77381
35598
-96325
-86332
15964
98066
-86073
-29484
92771
-89945
54826
-18553
54436
-56114
35408
98681
20745
62473
81146
-26402
-43797
-99946
-63745
-74300
53013
46813
-81227
93222
91186
99892
-56659
-95996
-58229
-91274
-22797
-32300
95946
84971
-67217
-46900
-10664
27681
-48665
-44311
-15187
79458
92703
77849
-68761
-54047
1136
68313
12701
-78669
-49348
59253
89923
-25871
58782
-61572
78860
-52918
47011
50787
19294
36552
68870
-3505
23690
-95595
-56884
44761
60073
-20822
44925
-43097
10153
88047
-17520
74336
-82446
24510
-79733
78558
18556
22889
41384
21351
93047
-93926
14212
-96343
6361
-20576
-80596
-77876
28270
11003
33352
4255
83750
-83849
-69393
60013
92377
-45945
-97702
43628
62721
-97231
-32127
-75255
1291
86598
91909
-84238
-13853
-54529
65619
1127
-53007
-66245
-73261
34215
-13332
46590
77673
40979
-10527
97524
-1824
31311
47076
-596
5107
-64141
-16523
-86568
37999
-84283
-71844
25495
65633
29187
-75580
-79868
-47473
-96415
39215
-77596
81815
-56328
21192
8138
-74816
-7367
-22443
-74228
-17774
83859
43925
10333
47943
-94747
-18206
48045
12315
-16957
7627
-36804
33
21591
9949
55758
83707
88458
-16124
-67563
82900
-95700
32526
-66326
-48186
50414
77246
48264
81271
56174
78633
59622
21625
-97038
-80846
-16494
-83201
-35246
-97241
-69732
-47476
49003
74966
-1802
25473
-93363
65140
-35653
33034
-31321
-43211
75774
92480
-17209
2256
-85523
-2069
-65265
-84365
-16355
-7611
92752
-17989
31876
40412
-70271
-20963
46550
43934
-11751
21190
-35749
-46732
27114
-98616
-6037
-8167
-79243
12287
-40173
-75793
31903
-33473
41927
26290
-70784
-46112
-83103
-88021
-37938
-70164
22413
22058
75278
58043
-29000
93922
40806
-37170
-64078
-55269
25524
-27708
68006
40480
-31408
-36867
28118
91807
25041
-7997
5970
-62373
-38508
49328
-45731
-99134
51263
-63556
-2059
-95713
-57461
71370
-99873
-46720
58427
-63428
-67443
1690
90669
75817
1792
-82189
-13766
69592
99708
-49962
74717
-81732
-33627
-66352
21287
17634
-2931
-13049
-9647
-28366
-7218
75623
-96296
-48035
21646
24750
79620
-58035
-42592
63919
-85067
-37194
85442
-46197
77542
-44625
41151
86748
25715
-57898
65290
-63682
-31089
-65770
-5110
47624
-3651
54821
-54807
57813
-37906
36624
97236
-77186
-38429
97893
5193
-537
32241
-24795
123
-20484
-55440
72746
2031
59486
-55055
-15410
-79338
-93053
-68935
-74286
16163
30940
-7265
-62364
1083
61507
87619
55895
67165
62535
82110
78029
68619
-41749
36394
63684
23587
28541
-43425
-64170
84269
62841
-10800
17284
9503
14487
-83913
81081
86139
-79377
30605
71759
-62095
64640
-16817
10238
66108
85941
-13895
-28599
-62
25378
-30215
-65026
-41847
86717
-31185
13693
22490
-73064
-97921
-45378
28315
45575
-40085
-18860
9055
-24983
52420
63144
11912
63129
6173
-36466
31063
-55886
67801
34942
64479
57898
-45269
-53565
-16556
-87103
78562
73754
5405
91931
50828
-43037
21713
-32835
2271
-55499
-6825
-62593
-89762
88655
46123
1069
-95046
94068
67576
76385
-18532
71657
-98852
-31586
68898
2980
44760
38426
61094
27499
88511
51220
71566
-19622
26188
28100
-91469
-21795
-48474
-21183
821
-18061
92958
-46223
-53644
69945
-10426
-16455
-16816
-25546
-38766
2276
28759
95154
95960
-30406
77699
-1359
-21647
-13811
-76648
-59257
18859
36598
2874
10450
-13650
84559
63793
47736
77976
9132
-37632
20020
2435
-12972
17560
-9687
-11523
99278
86409
-81805
37598
46464
-33237
38665
-9268
-76140
12480
-6777
-96467
-89978
99214
-49100
30369
-33820
-86359
13350
31203
90906
-96442
9043
-58989
-85102
64915
-63541
-36638
-38255
39591
-21583
-3748
-77999
-24573
-94252
-21300
-7484
-61189
36584
-35264
7695
-15455
-84423
-88200
-28499
37950
-43669
-48985
9597
63982
-28343
35928
-45929
36664
-23896
91877
-71144
-58420
-14007
56722
-75840
-97358
-54586
-68125
-54231
-14154
-56510
-28414
-21024
-76013
-63160
-55803
7312
44356
83586
-36513
14142
-36217
-81412
13279
-30545
-59340
9706
-24708
-99867
89547
76696
-75660
65123
13913
56183
15879
-42500
-44254
1839
-97023
579
79864
2571
29241
82145
-31363
-18299
95373
964
-64240
-79236
-24353
81728
-13729
36472
-15416
-47336
81626
-38381
55147
-47100
-29072
34309
34029
-44251
71024
55072
-59527
45863
19948
-36215
-94414
-42709
-18782
-92996
96253
20008
-85774
-4257
-85656
-96842
-43329
-24057
70199
-48564
80963
49731
51018
2635
-83543
50671
61945
82933
35884
22048
13022
-1447
-53744
30999
53279
-24685
-93320
-35510
33240
42355
31834
-51860
6541
-89758
-74485
-29065
16760
-89742
31154
-1538
10627
46201
91013
-9796
81692
14649
40086
-39414
-85579
72570
44233
47882
-18089
-12355
93581
-41029
89575
-29651
-55660
95065
-95516
3747
86520
-68590
30317
21642
34031
-73731
70778
-71987
59825
76948
5910
-58896
-14073
-52369
79285
-84623
-35903
-55654
-25065
-32810
-30213
11043
29889
96940
-3859
-13849
30808
-24404
66651
15677
-39228
46373
53130
50339
-11225
-47248
23195
8643
48440
-78598
-80865
84810
-87725
-10631
-96559
66352
-55730
-3954
11528
-62314
-47207
54486
72871
-68661
43485
-19403
84294
26632
-74922
8910
69235
26409
10885
-647
-2974
-76610
89421
-66456
-79735
47435
-67730
-63313
-78199
-26344
-41386
68216
42210
13798
73190
-8311
54109
-71801
16749
-71071
47616
59846
-13431
-21081
-7167
-97867
-55949
89858
-24520
91849
25957
-35835
68282
42029
-53566
1763
-23881
-60969
13933
78973
89836
-88780
44341
-43411
91999
-44274
-1567
69501
-47031
2209
31766
69210
75309
45031
-88192
-7783
77661
-28237
86142
73704
-74920
71983
-78792
48145
55543
-17491
-12644
-37707
74994
20176
-20208
-76256
66126
63219
82394
-32587
-57263
-45872
83564
-33535
67617
31800
35041
-27253
-21418
68068
10939
-70174
-76154
16145
13625
-3153
18831
15237
89974
-73480
-42828
18805
-73062
45296
97096
-65323
-8837
-85206
-48198
-4504
74389
-53267
-64525
87968
86259
71610
-11669
91856
-7716
-47377
-27796
-89960
92472
-96284
10705
-40238
-42585
14964
30786
-28019
-81648
41692
13540
20161
-1544
39291
-33755
-55839
-50105
-1158
31838
32101
-83932
-40311
-51115
8580
-33738
-54202
-95703
-11282
-66414
-24894
-97885
-61521
70671
-38529
-54609
-5598
10715
66750
-2273
29544
54767
-64760
32155
26655
-31576
91256
17588
62577
-97716
-95346
50163
27138
-1068
-64734
-20350
-748
55095
96477
-12077
-7772
35117
-60697
-18234
80266
49545
-69245
-55097
-31147
-93461
22983
8164
-40984
72626
-52624
-30715
-21167
-89919
69489
-86986
-48687
44560
60947
36620
15576
86603
-67249
80445
-33116
-53260
2762
-8296
80992
-75140
-47427
90605
-31925
39230
45565
-56383
45833
-6753
-57859
34569
38907
15922
26710
14538
39638
37539
14752
-64153
-39933
-15889
-44399
16259
43583
35631
94036
-12884
-99777
-27257
45866
-41963
-43016
86429
-63692
24734
56304
-61647
-62801
-23280
35225
42071
8676
48075
-2912
-67227
-41441
70881
76138
-3366
2000
-93407
12319
-12676
-5810
-13105
7506
-86678
-24771
67034
83060
72387
20385
-94974
32582
64514
88251
-63783
66568
68203
29273
-20758
-64002
33598
-29255
43291
36291
12037
-54255
27539
99893
75680
-36077
33791
3377
-88006
-54998
-88080
-61155
-51747
69760
-33101
22706
-47199
-29605
-92098
-87973
-69527
-95672
19937
-28681
-17428
-94823
21496
24911
-98431
-37367
60696
-71442
69410
27871
-60564
84645
68409
22163
44139
5360
73589
61272
-3860
-5058
76826
-80252
-16907
-63733
-79480
-10597
48071
36803
-48234
18218
-83690
-49528
-77891
-61024
74945
17630
99400
-75572
58293
-25867
-5109
-58498
86285
67690
8046
-53543
-20322
48199
82435
96374
-98617
64592
54311
93890
75863
98504
-45926
-60162
-99540
19317
-37392
97317
81865
-99358
36841
-32384
22771
-84150
-57897
-67296
-34046
-52054
-47735
-71276
-26298
-75978
-2823
-43122
-30665
48833
-66960
39137
85105
-52831
-3613
73720
26169
68580
57420
-25069
-95908
-9777
-44777
117
11075
-76406
87239
-61341
-90411
-27971
-52329
-27360
-76263
54328
-72045
-87715
96354
18592
69184
-94645
-10735
23060
16706
-2369
-45307
-54629
-2964
28498
39511
-79276
45673
-31526
-22495
-21360
12647
46746
14755
-96684
-50284
-46756
-41111
-33666
-77945
8861
-21775
-11512
51236
-37210
9800
-88222
11064
65426
66479
-2617
87643
-33792
-33446
-6886
42632
16377
91085
-2621
49524
-62244
50150
81189
-87835
-26741
-618
25025
-81471
6072
-29571
73724
-38505
-39721
44129
-98464
-9899
79974
-78195
48274
7435
-13079
-24462
79543
55350
-87717
84913
47882
-39555
2729
-15673
77851
-94569
12898
83067
-25917
-6939
34102
-17689
16629
-55779
-17806
-51679
-1219
98815
58983
93240
-1823
-71306
44657
-89195
-9517
17165
-80440
-94494
-86487
55351
-76379
-83992
-50726
-16538
36288
-67694
-6546
623
70741
10367
-31045
-64696
17322
-80345
-19059
48199
73688
-14560
28934
-15705
-74651
-78533
56693
-31232
93535
-75445
-19900
58465
69214
67714
-34116
11177
-80981
-97151
-68391
-24973
99802
58229
-12245
-24498
79694
95216
911
-35753
-19313
35707
1137
41594
-15312
-18037
-16193
2192
-21207
89966
18185
-5833
-11418
-16018
-71274
54676
-48590
55382
-74078
39752
39311
73821
-18538
-66769
-6246
-29462
-99815
-63533
39504
45158
-78578
88339
50114
-57723
24403
21220
35472
-10960
-5987
-82603
72129
40616
-2943
-84199
-64200
65119
-94756
71256
71414
-82897
18169
-99186
-80529
-49277
-17142
-94862
29487
31162
-89201
95172
-21565
-38537
92768
-83640
59742
17472
-32092
-77364
61779
-47680
-60333
-68795
68560
85497
-87282
-91007
1127
13800
-37953
39173
71500
-59960
83277
-31212
-47483
-34771
-38175
4043
-80989
-96110
50105
29959
65487
-36820
23313
-73778
80106
-38646
-32902
44135
-75151
-52333
-38030
3591
-61456
32396
-20404
46745
-77966
27078
-82051
8568
-5378
-62557
-3452
89251
46971
88199
44044
-81054
40300
-25457
41731
-96004
52431
-26350
36176
26046
-93622
-76558
-64008
19090
58861
-57070
26430
51808
76339
15323
11646
-70529
-93288
30520
-59900
-21999
29
49680
20037
97843
-15569
-6605
-66780
-92495
88281
55539
-21886
-4372
87566
-89301
32574
71819
46300
19442
19454
-26696
81265
-60213
5425
49034
24826
-95574
-71148
78847
57339
-75633
97188
-63544
-95907
-82306
20011
-76916
-67518
-95490
7787
12758
-4056
-17384
-27709
71856
-50291
-22117
34777
-96441
31232
6737
62349
-48282
91788
25495
58279
16076
-80200
-93367
79498
-40140
46245
-77988
6917
21811
-8084
84735
93910
-79874
66663
13830
75324
-79712
-87959
22043
21606
52250
10000
-46846
24543
15669
-21447
-7558
-23253
-98104
69026
-67489
50407
53147
38462
87186
-38058
-54928
5148
37377
70694
-40042
2600
25658
-83824
57850
1238
77966
28717
48889
24284
-50238
17036
7404
38991
49061
-18198
99565
-85919
95388
-16776
19895
-73640
-37878
20201
8611
15559
-2229
62275
84792
-94566
4575
-91726
2504
-50224
77392
-28336
72633
-93951
64054
18720
77084
-26091
33593
-26115
-70248
-17867
-55799
-73454
97070
-68293
34544
79534
46656
60763
51973
-91727
32409
71359
2218
-47865
-4599
-95104
-60948
3869
-68921
-27743
97916
-45833
52760
-45020
-23107
845
-121
10055
72771
72178
65808
67172
74509
-37442
-57267
47596
73001
42484
-52299
40916
-32356
-76323
24747
-61864
82038
-25356
72880
-71250
77377
77029
72079
72040
-22555
-80500
-25798
60175
44522
99678
58650
99975
55119
-53365
87226
-97165
-52649
65514
96757
17320
-92953
-21515
-21708
36425
91035
52570
-11897
-55652
97271
88927
-64676
50227
-88818
-44436
-1405
95205
-82611
58461
-59209
63523
-28621
-73297
55292
42914
-55955
-22505
-78821
-10286
89320
90349
80253
75750
61529
-72968
-87228
84376
70603
76562
-21503
82914
-65411
50809
639
23623
28636
6241
-50301
61888
65633
32803
55390
-99497
76779
71715
61065
-23021
60540
-15968
9577
88001
82226
-47167
-40067
89795
-55995
-22944
76757
42834
13233
-50287
-48404
-40851
71774
61459
11230
-16196
70440
44591
40368
-64681
13525
10082
-64879
64186
66237
71094
-2122
-79293
29118
-54171
53155
86552
-54933
46249
-62870
-49546
74703
76008
49629
60084
60215
55066
-13606
36996
82748
-71472
-81835
42820
-3518
81141
9273
-16493
82971
29284
-5906
-83016
51459
71701
-7865
-53209
54528
78479
-27475
-11707
51492
-76421
15317
30106
46588
80701
-6110
21047
-31004
-42675
-30957
-3754
-16648
-35276
-19187
30706
-44537
-25621
-69409
97201
-44268
-73397
-85839
-42853
22617
-44177
-64975
-52303
-70001
36437
46834
-75549
-95352
52980
61594
-23816
-50112
38694
92974
-54976
-3044
-34681
85550
-54843
65449
3866
-61941
46271
-24593
22736
-24078
-16299
53844
12184
8774
-65342
-22386
88415
83313
79562
17809
34646
91878
-29952
56544
19864
-52903
-91665
61505
-71532
30769
-87491
86226
-14990
-59560
-82613
-8494
-30125
43065
82085
-49516
43161
-72651
-94177
-36099
-98283
19983
-40917
-85819
-78451
78666
-60056
36941
-59306
18435
-20048
-34691
64147
73184
269
-85970
4130
80252
66607
-69831
12760
19504
-59873
6566
49953
31105
49172
-36612
83948
-86503
-93188
888
79324
-6893
15688
34451
-2743
-59520
-74660
-75310
-1469
-67921
-18454
-5158
-41754
5221
82711
-94033
86028
-78545
-61345
-31081
-47721
-4652
-62250
83433
-92607
-46514
68898
15568
-78551
-28352
23839
96571
66569
-68161
17318
-74357
10828
-61557
-21122
21130
80899
44302
17049
92054
-59880
28001
-82167
-67947
-45612
-77767
10500
24426
-34505
47689
-94505
16976
-40009
21954
18990
92205
-96144
-88907
59687
-8338
1856
43801
39771
40492
90816
4622
-71467
-96877
-97902
91038
57144
-83407
-98836
-54436
-96403
-74354
91274
39733
69368
64983
66150
-51913
-48897
-42910
1593
-99696
49972
82183
40860
-48153
-74595
-53571
26875
56733
28026
59119
55118
-35534
97697
-91830
-97767
54509
61407
87264
-33011
-89501
37996
-93152
-34217
86809
90620
-50206
-61927
-22772
53799
78473
16759
-18571
72628
-29504
-59778
-6349
-46848
94886
-12257
8159
4630
81255
44281
87201
58958
87266
40864
42105
486
-20363
77694
68916
-24893
28427
78081
-34624
-79590
-58429
-21784
93554
-56893
81239
-45345
62547
50736
-22537
39548
33284
-87058
-22590
-37199
-737
-2876
-14983
90974
-40138
18559
-76669
-3752
17634
27817
22347
-18213
6152
-42501
-38653
56924
-47745
-36486
55036
-95438
1663
-50229
-19547
-47051
-82841
60836
-45952
-99922
27752
-47791
2448
-38252
-13917
-36909
74180
82690
82572
93346
-51819
84223
62521
-15385
35826
30884
86620
12980
46321
-59527
-69624
34161
51805
11415
24384
-54391
91770
-92036
50929
48212
-14841
-72882
28054
-57609
-7428
-58006
-79906
3676
-924
90708
46029
45649
70757
-23355
-57640
-61145
80682
54908
-50195
-89879
66377
-57789
-40356
16432
-92166
-89280
-67198
65745
36042
-55244
-71035
-13434
79040
13370
94168
-81723
97806
-78141
-25222
76616
-9917
80523
77837
-41180
63443
-75605
76944
-53853
-53947
1336
-64586
88511
-76692
-70592
62033
-34814
29318
95946
-44238
-76711
-79027
73755
11130
64073
-82044
16418
-86061
97105
77610
-18430
89232
-81824
93411
36964
87340
51557
94898
76705
48918
-35030
26859
-63051
53285
4508
-39139
39440
-98659
-93764
-3907
-38542
11019
26862
15355
-36865
15805
-20702
96605
7855
12573
13555
-99317
-36737
-69106
-37007
-2124
-18584
26686
90272
28764
64426
22899
-18721
94572
19973
95955
79900
-20378
-29390
35657
31688
30804
77435
-58999
33218
-62416
-44538
89206
-81086
88679
18604
88740
35322
-77228
36301
-31284
37683
-33313
11883
-45142
90829
15589
54338
-55559
-31892
-64014
50162
-93622
-38190
-10780
96526
-19532
24088
41164
-19769
27433
21976
34697
75688
-59138
22929
30662
80248
85139
82955
-8637
61169
-66163
71619
29827
-37133
-91428
66798
-8975
58422
25850
27231
-78343
-53644
75527
-19523
55883
-39937
-93091
-87247
84286
67707
-57809
-63923
-34108
63586
46209
-51682
-34974
-81717
-29375
75010
-92750
-60723
23757
-34290
-15965
-3301
12608
64911
32582
-84548
-17769
19061
71055
68023
49723
-30790
-72794
55394
78775
-69224
-92160
-62401
33111
-7526
-15882
-39023
-81052
95270
-24046
42595
91714
80139
-81363
-36081
73317
94456
36468
82966
31112
-84644
-60831
-55371
-95947
40831
-10068
42042
-94737
-95744
-37181
46156
54807
-91347
-37255
-2272
54888
-50582
-34203
42767
88116
35257
50756
54162
37277
1748
-55069
73200
-4369
-37932
-45873
16869
36306
-73164
-47539
-67642
31510
-38001
-75670
29592
-42113
-26668
-27595
52076
16024
-71754
41705
92389
88231
-25515
41808
-46798
-74825
25592
-9850
44167
-9336
40902
-87438
9691
24508
-7516
74142
-81548
17446
-88641
-7674
30410
70724
-1072
-19872
-89719
-27664
-78784
92097
30018
20039
67992
-80394
-49150
71421
21109
-53236
-81628
58495
66935
70661
-67587
99081
61185
-65123
21939
23403
58157
46660
75192
-31888
-94253
74739
6070
27292
41731
50005
98492
-29617
-10059
-66127
40510
-66777
51093
80393
53448
-67111
-14880
62887
69
-12760
84265
-91669
27720
-98213
-95365
66696
-79034
20626
-51355
68621
8624
-83501
-98252
80726
96621
-51133
-80873
-92796
-57967
39425
10941
27666
-35357
41421
-62150
-39948
86324
9462
52294
-41732
86867
-90086
15743
-61012
81843
-908
53632
-79036
52162
53384
97642
33300
93413
-54438
-93865
-95584
73437
11131
3499
-96190
43669
-26838
63229
23899
-48021
-64374
58060
54751
21581
15884
-32886
-30088
-98489
-77855
49664
-24874
25395
57723
8612
77571
-73070
-18399
-13047
56627
-36589
-7223
93852
44841
82114
-40737
41178
86781
-49377
17118
-20511
89787
13672
-14385
-63160
67126
71394
40017
-16170
-46330
59251
-22724
78441
-6533
39248
-4685
-14824
-80201
-71938
67935
-73410
-2428
-41979
-8112
87138
52092
19605
48720
57541
92368
-59371
59236
-92703
32318
34253
88361
24764
-79013
89642
64725
-53023
-77397
31227
32675
26567
45486
93764
-66859
-82804
12886
87240
41269
31058
90504
48907
-75608
44482
3977
75525
46446
-50568
-84123
-32954
-75159
8200
18678
-4885
-47253
63613
-56910
-80389
-79839
23387
69148
-65774
29430
38240
92604
-81175
55434
74584
80138
-50759
25610
43617
35851
-13005
36647
38583
91782
75498
-14539
87797
97162
62251
-62974
98003
26167
35175
-42890
60677
-26584
-67346
-27970
66967
-29296
17776
-20083
-7145
-35992
-94583
63203
77068
81834
-27736
50053
27136
-32592
-43394
61167
12919
53031
-53197
14844
45408
62219
-90744
-23356
-96952
3106
-17961
-44067
-77844
29969
-50079
-16762
11010
-41504
-4074
93412
66283
-41319
-91062
65825
-75428
-97455
-43319
51557
96146
12604
73495
94336
70097
56755
-60208
-90596
66488
-31561
-96133
-87898
74609
-18734
13516
-13076
-36692
-46259
-33924
-49604
-69954
-83900
-67864
-5651
79265
33022
53466
30385
-5905
-21528
20631
-70252
-20374
-33910
52242
-85485
-9097
1943
-12122
-6429
-72828
-18832
58425
93004
-68985
-25335
19412
-85042
54210
46941
-87900
42747
-17873
12841
25766
-53193
2188
-90081
-32915
-9702
7458
-53561
1824
-80813
-86076
48858
48563
85989
-60930
-96231
83846
714
-90975
95451
40246
-31060
91333
-39967
36319
-72484
54297
32073
70610
70504
60396
73349
89072
-38931
-92875
-61827
74301
70500
9837
31019
33680
39428
-15038
-46417
-77132
8939
97681
-88046
12265
52341
24175
61650
-28281
-6584
48265
-45836
61915
-72440
-73248
76577
-82207
91059
90341
-9777
45652
-26941
-9896
-30672
57730
-66180
3787
-25866
93146
-11433
-16599
43981
-90846
76402
-25795
57645
93584
81676
-37233
94903
60704
96378
-65149
-19122
47560
38213
9269
91601
-64304
84701
1010
63719
-15246
-73921
-3426
-30316
-8081
34961
73652
-46174
-43934
81477
66824
36806
57334
44250
75876
-86046
69779
-4509
-50955
40779
-20773
90296
77308
-8063
-16115
17639
-33370
-86343
49130
35049
-86678
78317
-39550
-95808
56196
88410
-33041
67586
96909
41632
-76701
-60576
-49779
16738
40937
11371
59977
-72527
88385
-49722
-61567
17750
-82037
9964
-41419
-98468
-10739
-45265
-95431
-79353
-41338
3981
-63132
-51012
-86878
50797
44645
39853
74575
96818
-95950
10061
81546
42164
37620
-42313
43904
-66188
93929
-34484
-7679
-63706
87021
67121
89275
68064
-71338
42542
-75422
66938
97187
-28303
-83378
82182
-89235
-79756
2153
97265
-51715
-7387
2231
31571
-26598
92319
51548
-52165
-71775
95079
50144
-72807
80445
91264
72954
54648
56851
73535
-43959
-26383
-3949
-95287
19623
-33521
-73377
-30097
69146
-40297
-78231
-54300
-3514
22198
28135
-25517
64693
65657
11908
26643
32560
-78165
-84462
-63235
92778
-57306
54879
74354
-64327
-16948
-89104
-56424
20074
-39023
86294
7833
-87043
8351
-32570
94173
17083
59272
53303
47218
-49774
-69210
1429
-36502
63143
-75066
-94927
46327
-83847
-322
-55022
61019
-13323
72540
-42414
51904
26044
-65670
-91618
85508
67798
69564
31365
83594
15357
37123
-14101
-68563
-2958
65155
-26517
-89488
-910
-13576
-16520
3954
46348
-72210
51529
49373
-58622
99160
-10625
88604
44656
6413
40477
63702
31839
-41258
9354
49208
56593
-42330
48867
81943
-33205
31715
2909
36768
-98535
41111
13725
35768
-17621
43128
41891
99263
-69967
18064
77635
-93423
62155
-3031
53896
-76538
29127
-10676
68100
-63750
99814
-78571
95202
96479
79419
-24614
83981
82319
-73660
-74809
70490
30724
83339
13535
-48343
-37571
30752
-7902
-67364
-27861
32508
16606
42200
4552
54319
-47351
-51412
44638
-45821
85405
13467
90953
6587
6910
-52107
-92392
45694
-55437
-94820
53196
-57697
48276
25492
-20735
88762
74331
56185
6059
85849
-73655
50096
-7454
-74351
-15092
-49118
-25105
-89638
54853
76470
12472
89533
-73840
5478
-1386
-17523
91757
92865
70774
81765
-19150
61265
50542
-32520
-50287
-6888
52093
17421
-87968
51515
54374
-24426
-4220
80681
91703
-52871
-30663
45041
10041
41772
92547
-5211
82558
-75930
42765
29983
75439
79868
76820
38139
-86884
-59586
7069
6300
-72231
-87559
41434
-51906
39956
-40774
66085
39463
-80093
66925
-24891
-99487
3135
94548
49279
84142
53318
81724
93454
83234
-23788
-24193
53343
65784
88861
-29518
20079
-9837
-93556
-79920
98752
-48683
86983
-6387
17577
51104
-10650
94918
-28356
17094
-71166
86161
-58766
58543
-22327
-84551
-84268
-52698
66139
34660
-24448
11356
10509
-60012
-26561
-3476
-53646
9542
-2311
68694
48417
96239
-30217
-42882
68315
-78941
41464
71886
17179
-5626
40846
-57799
34885
-26650
65191
-72187
-1545
-77912
89765
2956
-31009
36180
-59886
-61092
23549
-51206
32898
-18589
-85062
-51535
-18621
86825
-58179
-17544
-91214
35408
12969
57624
-27711
11177
93495
-11960
-61762
-46798
-16300
76154
-73134
55340
45047
-28639
58690
58
-76098
-82848
-825
-8969
61538
10746
12312
-93172
97698
-85761
-31012
31243
69238
-47528
-68446
-89726
-50887
80109
10171
-42997
-75842
-32899
30142
46315
79518
86838
97665
-71191
-89699
49298
-88619
-64216
-22772
86146
-50215
46563
-24048
-50815
54139
30401
85239
-63685
-1016
-72989
-23652
55108
-8023
-7297
-38653
-52335
-80511
1173
51174
-69475
26429
-61715
52687
71292
84443
-56608
29435
17024
26744
43701
-46101
-28223
72185
22620
6158
20719
51911
49978
-10916
-40982
22609
7797
-48396
37140
-95077
58312
-10581
90875
65227
29669
45676
-32626
23585
7322
72587
-80774
14701
89482
5171
-20272
28704
-66307
16337
-81226
-28248
-6941
-97802
17873
45719
-77538
7694
-11355
53726
-41923
-49365
71803
-53433
56249
70604
-94601
10147
94067
-42272
66234
60117
-171
-73351
86082
37615
-35025
45338
30929
3500
98862
84550
39092
1351
-2223
-80596
72972
-189
-13759
40368
-48795
-44143
-58976
7724
29684
-42086
-24557
61885
36085
-19626
14029
-20224
-97406
-6316
2349
46733
10243
-64728
-38918
-19103
-68686
88596
65023
40515
1971
25283
5977
84836
33224
22901
30051
71544
2568
5458
-45103
-7379
-56590
-64432
-17500
-65890
-71838
40102
-50170
-60816
-7092
16521
-33222
-7165
-34885
30444
-66561
-94643
-20234
-8855
62177
95379
-33939
-8464
17277
96503
-52321
-49925
-10479
80542
-63164
68811
75766
-47682
88972
-11333
98643
-90688
26075
85537
10986
31149
-22842
33589
-39405
-76529
-9321
76124
39552
62865
-22993
4513
-65691
23221
-81474
24472
-59502
91963
69062
-27692
56833
78047
-16674
39128
-30813
-49986
-71828
10606
-799
-4142
4135
-66024
-52212
6227
7627
-6455
-74090
-13232
72468
15526
-68445
73701
81936
-69474
50132
37892
-41310
45797
-91972
-55083
16076
9884
50957
53465
-51008
99696
55201
-18211
-46082
-64107
-60110
5420
-56508
60098
-44630
-60184
-73984
84395
-73224
-42031
381
-16048
-61189
84181
85931
-55529
35767
-76852
68302
-82601
-72277
-92046
-77382
80005
-99556
-79654
-23868
71202
83161
56667
25183
61560
95239
-92344
33760
-14844
53136
81340
-70451
-30283
-25638
84168
-28278
39631
29672
-80694
29719
-9253
-53385
-15180
11910
-84289
-4533
-48525
-15804
5878
-38796
24641
69920
-81123
-51877
62892
78541
-58054
-52052
-89551
-62855
-96347
15160
-4020
-81942
-49693
-15520
51629
61723
-6991
-94190
-69850
47884
48067
-20541
-15549
-54309
-41532
-48519
98102
90635
98060
-64311
-54593
15074
-37798
-10233
17734
-75048
-63817
51892
-97275
44791
36441
25190
85032
-4634
76158
13859
-90902
-1247
99574
12073
96401
-3478
65769
-73790
32772
-46569
-83378
9115
-72287
-64297
-96521
77814
-62394
65730
66432
-45285
71299
-32386
-33718
9757
-39381
83331
53170
77481
5769
-80312
62679
51636
63027
-86635
-43794
82169
-52226
79779
88722
-41363
-83196
-82943
-10098
59514
-69821
22138
92030
-76811
8261
5478
-26804
-54829
-16086
-72011
-98745
-96063
-40885
88027
67012
-29845
50494
55930
31961
-31950
81978
-13429
97721
34325
38472
-3346
56446
-46105
-86165
61811
-25583
-3488
88344
-72370
-45682
94734
71075
-55670
-72855
82252
44109
68154
-18644
-47690
36045
-78719
30643
69416
-31179
-31929
76532
-30814
-7839
-60949
4875
-69177
77584
77347
73335
36803
-76307
-83234
89519
-18453
97158
77905
-38152
-31991
-12074
-76875
-98668
-30993
-54267
-24230
1397
22297
19329
-6064
-10519
-30685
27981
41286
-98339
-82508
-53575
-65572
69121
28646
18187
-1305
-49739
-46528
-73463
-56567
-62093
-2147
93265
2752
-19738
-69188
95817
-10609
-60223
-99666
-62271
-50262
33732
-31996
-71799
-77654
-46073
-50138
-18043
-13009
-43133
-30453
68860
-42183
-16797
-52062
-6908
-61382
43095
3154
-64844
-29994
16821
64100
-75591
53021
65131
-79045
-4926
53563
91367
40586
-72915
-18747
70256
-21619
-39804
17980
44615
19874
-93896
64855
46367
76539
46046
93729
-71359
-97865
22224
41470
82264
-19909
-39880
9843
54534
34194
74861
-80901
50337
42558
-37362
16620
-1773
-2064
-52202
96809
92072
31859
55102
95838
34672
-20679
-96624
43999
40689
53397
-45881
-9616
-78339
89574
21902
38323
67327
-37984
11565
-38181
-93326
2799
84044
96928
-79852
-81479
99251
83609
71254
22255
-81609
49446
-80046
-57024
-78197
89063
-83415
98049
70852
-29959
75188
10085
-1561
24874
-45910
26888
-55402
3429
-64163
33207
-28504
97708
-4335
86880
-82092
31952
-67837
-3776
81180
2343
61116
-42216
55948
-60155
3306
39776
86874
6714
-51924
-98753
61802
-25592
25034
12768
-80332
-58118
-73564
-23446
-44544
-51557
59334
-49010
12235
18162
-3819
-27735
73448
14274
-59137
-55737
-81159
88103
-49615
19458
-44795
-35848
22875
23903
-70046
-77463
-63048
97416
23702
-11102
-44476
-53621
-47227
30225
-85485
40004
-89636
-83319
-29307
23329
90162
53494
-13307
-23411
26468
48191
-58757
11503
54047
-69120
94100
43720
-34055
30917
70950
-84854
-84638
-85923
-45769
98825
-83854
-76222
18863
-52371
94123
17395
82883
-74023
-38855
-59087
-53712
16080
63392
-10267
84757
42913
-55867
-55325
72727
75229
81988
-61730
87108
61809
53715
-44843
-57935
-48919
-24161
-88884
68904
-39748
-38550
69720
-65533
-25914
33745
-43350
69036
-142
-43976
-86029
49185
-93407
74718
87072
23746
54340
-96251
-53547
-49383
-83340
-39151
15515
48603
32794
-18193
-81863
-13253
58057
-75948
-49783
-39784
-81898
-77759
12262
-12591
-4896
-34423
15388
39794
-35591
14510
42624
64633
1882
49830
26704
-13082
14602
25055
-37701
-15282
68305
-15343
64704
-9290
6529
16620
64842
72661
70123
-39218
-41842
73213
-65063
15903
-4668
-55250
-23592
11785
86232
-55425
97406
38049
38956
-89227
94836
-40642
90732
92214
-12324
-21681
11674
5804
3785
26539
62504
-83930
-10530
-91895
-371
-60796
12549
60450
70041
-16595
36214
-60822
-41073
-47200
64922
-11560
14228
43528
-21521
-33683
42673
9920
-51177
-84826
-91422
-48345
6521
-133
29746
-17135
73551
84232
51038
82101
80172
53677
-31808
53806
43698
59080
-37252
83894
24410
-53079
-48268
-62863
73114
-82313
-58022
65992
-71347
75122
-33776
49653
-6518
-4941
-85138
-38330
90813
-50661
86891
98857
16916
-23834
90307
53620
-9109
-78492
-51749
-40609
-87947
97625
50465
67049
-53699
23186
-49808
86096
55729
-93895
-16821
-66125
-60023
-54203
-76711
53816
-45649
35967
-90360
-93971
22131
1879
-99508
43262
-5190
56331
52181
-47934
-70124
-61340
85013
-69865
-49623
-99335
-48571
-87960
-21169
3281
-93900
3202
-98067
81441
-88021
90828
-30858
-25541
5123
1706
-91508
52093
-31329
-15240
73435
-12511
-48583
-96270
-55522
-78454
-56842
-14582
33392
-73160
-85572
-14821
-81641
70108
-16555
78426
-51571
-59300
73265
82420
13388
86207
89128
15077
19010
15830
69276
19042
-50730
-88650
-20904
9801
82401
-47719
80539
90146
61910
-83656
61841
-86463
-20107
30308
54422
83830
57416
90765
-1031
92761
81976
-17209
-51702
-6617
82112
66868
69922
-14679
16944
63395
-96741
83074
-38866
-45745
12579
-56892
-8260
-9250
-58409
74593
32246
66533
87572
-62799
73967
-71454
51510
68901
71730
11099
-77174
79132
-25218
73247
-78324
-82696
484
-75666
1727
41753
-6693
82136
84448
50098
-62386
64277
-30309
-44486
28056
28655
-92470
11693
21923
73893
-69583
-44150
93613
-80629
-59802
-61788
87920
-42608
-42551
83814
-99108
-50683
62894
-67166
87506
-62140
-16778
-49037
-31781
58985
26816
-41618
39421
-87202
68933
60281
-71649
49243
70772
-37174
32752
-68768
8982
93682
94792
93724
-6648
-77710
21721
32893
-33841
-59400
63063
90837
29784
-26906
67230
-39567
-6954
-59460
-13367
50136
-19637
44523
84314
-81797
-80376
62397
89647
93807
20838
12173
-88275
-42742
27478
-84098
-13043
55982
-67324
38574
-57056
6895
58645
-24634
-89032
-99755
-34630
-21517
-49740
33935
73781
8016
-94344
19756
-53143
-32841
-90908
-72589
85522
-86542
-1518
63838
-1046
-68728
-14985
-20662
42325
-54499
70145
71276
-4216
58207
59557
-93085
-14795
-28943
-37474
-35205
68233
-65539
-12916
38500
27677
8021
63110
80132
61195
50717
-92306
99251
69625
-25649
-92011
-1004
-538
-74739
-30985
-51414
72561
23378
-57395
27641
38449
-78412
-25424
-92361
-33644
-85488
16456
-94446
60544
90937
-9537
-9930
-1729
26973
-38324
65310
-43071
47278
6829
-98098
7456
-83719
98850
-15066
-97000
58182
-70293
87261
-5791
39635
29491
356
-50389
-25950
66898
27215
21762
-74316
55501
25934
-85445
-35658
-48358
18737
-82805
65426
-40404
67170
98824
-21986
24604
54813
67584
-96786
-56176
-99876
18523
-11355
-84239
-16623
-68406
-73198
-71517
36155
32705
25011
86905
83067
-91731
58566
42906
-87542
73818
-62577
77447
20538
-53330
-71948
-98615
36292
-23266
5337
75841
28409
11247
-40752
48554
-84222
-65075
-8535
-94643
44159
89603
-66918
-214
-49016
27710
-75055
32039
-49633
77473
81104
31713
-46722
-99852
47033
19651
-28428
-55479
-44750
38919
-66878
60116
-64144
-88832
95261
-34772
95666
-34580
47521
-95529
-60197
-16482
77836
95670
-77231
85841
17094
69852
58408
64384
-91902
66947
58188
57211
-28892
-26670
-81267
14971
30459
-89468
-11655
42455
-59542
34695
10404
18002
66832
21982
42612
-41301
-99648
-63933
-46347
83470
-76961
73234
-94267
60393
-95562
35369
-225
37432
-26896
-86451
82087
-45207
-13553
89796
-13154
-50163
-97304
38402
-96420
-93190
-67622
21105
-93957
46941
-38027
-5240
-34063
-80019
-81066
-29370
53681
34829
-10653
32931
-81841
-49617
19891
55627
15882
6329
-11711
83996
14898
-98817
-63128
17296
-76697
15735
55411
21530
63369
-62933
-78207
90757
-11692
-58186
59581
14718
-78269
-9259
3790
-13051
-19290
86656
-30283
36799
39673
-3418
-25101
-51990
7511
14788
45144
59578
86818
-38487
78735
32864
23994
-77765
82084
7006
-83950
68306
97609
-7833
91994
-73116
34592
60265
-25828
96307
8610
26325
64075
-25374
-5477
52381
-92665
-67046
-36031
94905
11157
38329
-66839
11403
71911
59917
58781
78162
-47098
-2981
70585
60751
-54442
84767
94923
-89780
-71805
65418
-18793
-65261
86616
48250
17755
-89673
23740
-45812
31149
-13721
-59585
-50877
71213
75897
96626
-43414
5005
-58120
3655
-26645
17697
86464
-15136
-99971
-12780
48830
-77400
-66458
53489
71385
80244
2110
-17205
-1156
8725
-29259
51645
61330
-57545
7162
86427
95048
-76165
-4435
-27797
81414
-48581
28284
65926
61143
-9777
63541
-36656
-16311
57940
-84507
-43321
77057
-36067
-98861
-92701
-6350
-12282
-88834
67670
-2487
91822
95336
15231
-79393
-16660
79013
19705
-78483
-11722
1712
-27649
-3991
-22130
-88767
59337
34748
-4566
-34052
-81839
-15186
-18107
-94330
-39719
-34134
-68894
-22024
-97878
-65131
96358
-56528
39378
35660
-60924
99179
35301
-92810
23511
-91623
-91924
-70240
-81278
-79809
52334
32101
51917
62324
56299
-37788
-25955
-90229
-9790
-1786
-48216
-71150
-6874
30068
56636
84448
-2045
-21800
73338
-49849
-88057
-94772
79128
-70888
-21783
10654
-88166
-78144
11829
60534
22106
69863
-34749
26664
-71490
88952
-31166
24004
90958
-3113
-69664
-94283
-16800
47044
-52733
-51580
54916
-29633
43050
21383
-2784
87589
97161
62701
95301
33494
-10326
91125
-22112
-57490
-47478
94336
-94076
95193
54456
-5946
-33270
-43664
-3450
-21245
60710
77744
-30877
55336
78909
-5519
95035
86821
-75283
31445
-24789
-41762
45778
11430
41829
10025
-73647
-96537
-83544
72775
-59101
5040
19396
-63847
-88770
-12101
35393
-76093
81158
-19409
13150
14508
-64952
-52951
-97408
52153
5836
-76756
-45594
-89346
56584
23478
-5942
-25028
41168
-14366
-93435
-73656
-71601
-75827
84305
-27229
87173
36338
70426
30695
13781
-13650
57596
-53816
86425
-50755
1387
-55020
-91731
-52482
79725
60375
-73115
-81766
-69703
-10386
76401
23300
-31002
-66297
-18227
75508
-79920
12722
-54496
13856
-42014
-19159
-46268
-75578
-97778
26595
-74405
-63826
-38180
6665
-22224
-11467
29582
1238
-15584
-26119
-35845
-18151
60674
29401
60644
48639
56664
-16711
-45265
56493
63685
17495
79543
-77243
-52495
52531
28415
-83137
51224
61238
-29077
25184
-62796
-26786
-26988
-19196
78264
95684
-67996
-39388
-39718
74310
21732
91935
-46188
-19134
75796
-52781
20283
53117
70972
22389
69068
-89847
1721
-63738
-76323
74484
-53050
-98663
68715
55966
-11240
-30784
-40817
1076
78333
-70514
44510
19316
57561
-93065
-35365
-4913
-34773
-2666
34434
-98201
42372
-67263
1882
55125
-91216
61852
26853
-95466
-84260
-51426
-17847
47751
47359
88020
-11134
893
51477
15044
21248
-95523
-11882
94124
-22747
61097
18213
86219
-56050
41104
27640
29663
-28684
40647
-17570
-45767
60339
-85817
-51329
86936
-77066
-66306
10266
23318
-3104
23188
-28224
23004
68183
99286
28727
-23231
71813
8575
-69552
-92647
65199
10643
14788
-37257
77391
64891
93640
94141
77772
96629
35907
-17972
46266
-73727
-26016
95691
-45546
-98000
88967
-37318
77872
-85555
-95359
24337
-91488
-79086
9536
70526
-79429
-95908
-67974
-48510
-89196
-59628
40045
-36919
56684
-78053
87916
-43849
-92306
61771
-41660
-55393
-43306
33383
37659
1015
45449
55387
-52441
37073
-48442
53588
61229
-75544
24347
36967
84029
-27300
-317
98097
41230
93997
1231
-26952
-8357
83440
82222
12294
60273
-66630
38411
-48575
67050
-11756
89947
68000
-80551
-19937
56810
-4820
85224
83172
-43213
73177
932
-72754
186
-45172
50523
50414
4504
-2603
67207
27797
38286
93005
29807
59588
192
2504
77412
35605
-34661
-1225
65704
3641
-33079
80225
97210
-78912
5722
46940
-41221
-8582
26391
38803
-49995
-32520
-96995
61113
23627
14270
75236
-45783
77082
-68282
-78770
-63301
-3936
2591
-24663
-49614
39922
-6050
-20432
-47402
-67905
-26336
-18970
-76663
70581
46778
31578
31085
-42418
-28760
87754
-35088
94751
-17912
-30322
-73403
82877
22502
42050
-80848
-4488
-56116
-91645
97014
-61757
68068
73143
-65720
26253
-47890
-62222
71745
-27767
86793
61651
99697
27043
-35094
-19399
46313
83769
-20977
56753
-26289
44809
-29404
78232
-58747
55101
-1221
7825
59226
-74302
-23485
-78541
-60962
-19628
-33575
-41375
-56509
56206
87787
-10314
-48108
92065
-29160
-64454
35731
17965
80944
-57469
95911
-35639
-83478
38412
11282
7888
5402
20088
-73977
-25831
-17948
-20055
-74015
-39067
-52583
26168
81518
-64469
-32349
-79235
4603
47301
74154
72576
38360
49794
40760
30279
72183
41247
-121
85374
-89067
-84345
44067
-39116
65311
89790
-30316
-52872
25971
-3463
-86664
94744
-32523
-51772
58761
66977
1344
11561
-53696
-53835
27749
7847
58904
-7780
60141
67101
-95315
24546
-37924
1832
-36791
-19943
90002
-59823
-1419
-61385
33645
32365
-54537
47113
97491
-12698
76658
87183
59856
93937
74344
-65178
-24969
71627
-53808
19214
78735
28434
63133
-37824
42752
-47018
61202
-45175
-97538
-30790
64647
33071
-51949
-97671
18330
-40343
51150
71931
52687
49890
88260
-12439
66500
75889
31910
-16064
-98078
92224
74351
91299
57185
-32237
-3204
-65324
-70879
54547
58041
-87821
-53859
62134
87427
97761
68415
-30882
-74129
-48387
35137
-61582
-84233
26183
-2161
-36749
3873
-49486
-80808
-18828
35139
61752
24974
-98936
-63
96835
16346
52951
90309
-98512
-50660
-51605
-4699
36635
50281
-64724
-10422
-50971
78522
-26749
-79416
-12050
88931
90767
89870
-73023
-78672
88397
58284
77546
-34641
-42475
21349
76290
-22985
-38355
56288
38303
12312
-56743
-83407
-57831
88458
70747
-37170
-11937
-76702
76402
5871
-9510
-4822
2296
33738
58299
30531
-28986
23113
-28046
-2774
70159
-82543
17812
41129
-1371
-57827
-25364
-61309
84225
-15293
-72289
-38333
59876
-82594
80935
-478
47070
-77080
80619
-23384
4338
-83600
16376
-58064
20629
-64948
38111
54103
4357
58355
-6266
-48956
85244
-51454
17323
75286
83208
-52048
-17299
-56875
85588
70402
64425
-72258
-38773
26694
1582
-38010
92122
33811
-44533
21173
50040
-31443
27315
44493
92588
84997
-74439
79047
-88270
-18713
73881
60641
52070
-91547
-67113
-28600
96090
-90669
10537
23822
39028
-88797
-36657
-25507
-38256
-98636
-17835
14261
29229
1230
-64851
-30484
-20099
-2882
5424
-6071
9410
22686
80747
-8185
81301
-1113
36134
43287
-92015
65366
70994
2633
-26329
72456
-26388
-34351
-49445
52443
-20561
69282
90972
-69520
12979
6740
-5047
-70220
1181
93044
-43315
-1576
-50660
-7589
73162
-14635
-56440
-74177
81924
-1547
-51019
31616
10007
159
-50546
-8338
-99849
-97159
-31216
-78257
17716
-95915
47392
5394
38824
-23924
16824
36016
-59727
-22953
-68897
-30420
56188
58150
-18037
18703
-54311
32002
53615
8586
11930
-50409
-20467
47680
-44180
-84628
-67472
57967
39747
-37698
-69600
43863
87444
76182
39485
-58185
-77221
-46022
-97065
-88741
-56802
41171
27646
72373
54839
-17824
-36911
-70367
-74491
-70474
66736
71402
5513
4091
-53743
-85022
52466
-58212
-71580
-4302
-8235
-56812
-32777
64580
6681
73403
-58923
86195
63883
78132
3930
-43112
18865
18419
79098
-53354
-61280
-15654
7782
69004
59390
-69681
4873
-39741
26808
76964
-95449
92444
9036
-81857
56405
32722
42530
4897
87024
89203
-91965
-34690
-31685
-81508
-66811
63045
59478
27945
-31655
40863
-29801
96694
-87221
-23466
-28075
18358
28686
7116
85047
92390
67572
371
-84854
-63934
97909
-42218
-83246
-56833
-85894
-14173
-58797
-72937
-67684
-57883
-17088
1965
-15369
-19554
-68764
60678
35976
-30092
-60057
-30292
15329
58012
-57385
-92413
-35332
78190
88348
-90211
80218
20067
-6469
90280
21330
-42071
75948
33439
17575
96831
88635
36137
-56972
-75071
-82205
47080
91146
-67035
81892
17526
-74167
11105
74134
86480
-79766
-30796
24797
44856
-53289
70274
50781
14212
-52386
69460
-21180
37001
-37855
85557
94018
-5418
-42706
-17474
-75374
31855
-59113
30944
-6515
-91451
-81356
53251
-87070
-77251
-57785
79006
88130
83873
22671
46047
20739
-86683
-68019
-9837
65749
70453
6868
65369
25887
43471
20741
36549
20657
-95586
34858
-15038
-91997
98914
22550
-72564
28411
88521
27193
-79149
64818
-75496
51580
70487
73801
23291
-5986
-56204
-86389
1166
-39543
-65385
-55916
-29139
-55485
-50806
-24190
20589
48745
2774
85944
-65461
-18007
-96926
3963
-94096
75903
-53271
-41186
52436
-31474
-13642
-96477
50010
-16163
85021
-11252
16476
-2680
-37552
69367
-58412
57748
21602
-75013
-44384
54852
-17750
21997
87111
93116
94079
79471
87294
-71662
-25976
-91300
-38271
21299
76326
-93746
-86404
52044
67558
35309
40189
68283
37165
-65955
-789
-32552
55007
-31094
-34908
29294
-71930
-54329
-80628
-88087
89061
-47858
66872
81805
86367
25289
-96844
58671
-58334
-30835
32532
-27397
43092
7020
-73947
55392
22849
-94285
-72190
63331
-92103
87361
59334
-58909
34231
-80865
61522
71859
63121
-72247
86460
83258
-49662
-20427
86732
34837
55192
7210
-20675
42381
-1059
36051
-12115
38316
-76741
74837
12491
-46945
70018
15441
76902
24338
45038
-40737
-11086
-42194
18186
61881
47182
48751
-1050
-52888
-36870
-56068
-69383
-76422
32152
58964
-47321
51448
-58453
-5054
-11992
-13538
-62712
99626
-62831
35451
26412
-52944
-67956
96672
-7604
75277
-35924
39158
12640
-96619
-95187
20988
-35923
-63423
93960
-40028
45137
36639
-73464
-48300
-6695
73728
83071
14848
94385
97432
71593
-49689
-79985
-71428
60299
79875
88273
-25294
-82456
-25610
-73840
-6112
-61617
-2802
58534
-46968
81971
86656
99091
-19755
21961
-67013
96457
74183
-53511
70490
92547
87780
-82252
-22991
-40855
73040
15215
-43412
82522
-66280
4576
65468
-59463
-472
38454
55957
-21264
-81794
-47247
40720
23855
-98885
-30508
18976
46332
-45615
-66616
-86397
81849
-91214
3790
63648
-46198
3323
76046
86849
61327
21865
-12914
75283
-11573
-24622
-53903
-56867
48036
-97372
-3700
-35934
86368
70712
97474
94331
-81153
-2227
-57037
-11647
-52767
16338
-39770
-61134
-63820
-86122
-93860
-55316
-39693
-90866
35181
-15610
-26656
-70472
-19565
-48406
91081
90375
-88470
-3925
88509
-81781
-49799
-71980
72226
47654
-16855
-87901
-92010
-42317
43344
-91575
-254
-66471
957
-73822
-56717
73951
-17702
-60803
-40023
-36387
72695
18801
-17199
84770
2228
-7349
-51150
-25373
64314
-74522
-55895
-9702
9315
-18861
5385
-73522
-93539
94779
9834
-17559
-33066
48
-84443
-93981
-66153
90632
29296
-57507
-66253
1240
45447
85728
1182
-75978
2515
66840
62046
41218
-39955
61542
38952
57868
23249
97773
-15119
-74344
-92219
-36831
74371
-60827
-37719
16961
43452
-56819
88281
46344
60829
31217
91653
90458
65810
51580
-10415
-62918
-72716
2571
-10864
47207
85646
-29805
29357
-88990
-98103
-52769
64937
98697
-49796
90825
-17520
-44739
-94076
-70458
20707
85214
10993
-53535
-60206
-25301
-13353
32364
34809
-94897
94779
-10790
-30794
57867
-86553
81120
75532
66296
-38427
26779
32907
-79047
-63657
-33441
-91307
-2091
76091
-45776
-71345
-61738
4174
58695
-75570
98760
-94441
-1935
73051
9086
-8540
25983
-90186
56235
12112
-41968
40847
-90219
-99275
-46293
41678
47615
6450
-79412
55829
1052
-10684
42663
-72468
63608
-63057
85650
-7661
57039
45722
-26083
39676
-60239
-50542
-61212
84087
-46977
-64258
-52497
-87066
58865
-41521
-94597
56737
-70310
-97526
-31666
-20729
-67045
-18797
-49897
-13046
-70194
-11639
22784
-9294
67120
-36006
-63651
-46137
-23029
-77384
-90817
99909
71376
16882
6472
-25203
-84547
985
59797
-59677
3870
8771
-15372
32042
85288
68270
61827
-28631
12487
77416
-58554
64310
2668
4379
79142
-79922
11076
-71151
-90331
-65539
83722
25264
53747
-8445
5588
-91075
-22895
25737
-65821
4928
96216
46009
21881
-47403
22705
81326
78729
-75498
-22
-65795
13710
-36494
63024
-65992
-32370
-28461
61095
-15971
-70244
23825
-60025
37983
-47933
83128
49220
10699
89340
89713
90628
60578
-4201
28749
-53356
75633
-77812
1715
-16215
23587
-92527
-18767
-65248
-6638
49154
6001
95515
-73601
-10464
26353
17751
-71290
76992
-76381
-52701
-31759
-2084
-57652
-21041
-73341
-62031
62239
39243
4107
-31165
34019
63516
851
61099
6838
12288
-72190
-36766
-65605
15252
21401
70602
-1041
-8400
81080
99542
-18190
-27958
-64414
65739
-907
15729
-76056
-62437
-67311
-57302
72223
-98954
-53923
-79198
-89708
-32103
-78030
-48829
-19760
-97605
89283
68595
-61285
-49063
74903
78473
-67203
3356
18757
-60743
14463
-94930
14432
92904
23427
86146
95338
72239
83607
-29623
35017
-29955
-90021
-54767
66370
-67560
66437
24627
21841
-99491
-46131
60458
-11735
-27493
-96591
-80227
-37029
-99455
-67123
56166
-41675
29991
-89061
91985
-91613
-51803
66687
62665
-36302
63492
-35894
10353
-72311
-26882
25426
-39993
-44180
-88718
-96284
-85194
93661
73887
-74701
15082
94373
-78755
11733
1055
74223
-51483
-73757
-24855
-28859
-86786
73751
-76376
-42717
-57108
-66598
25726
1839
-81787
-75907
84875
50548
-89768
-11580
-65826
1587
-49890
-94681
26150
-97438
-99977
36147
-29174
-98644
-48601
54290
-73193
-92345
-69411
60619
77577
-27639
24984
-24857
-27328
56763
27746
-12568
33010
-8206
-95601
-12365
-4305
-7484
-33816
47921
711
-99117
-72285
94496
93363
79356
-71871
24040
26639
81871
-9045
-90496
69847
56820
80362
-1129
31854
-42159
164
-69074
-66578
21512
90726
-93461
-29293
-14044
3766
-87388
31552
-923
98859
79672
-43696
89682
55664
-86303
-61532
66271
-64350
-14295
4423
60634
-37842
22332
89936
7284
66461
57977
-75935
73419
-29205
87140
88959
67204
-66529
11130
-18769
-33419
-50847
-45610
-69453
74366
180
26791
-64707
56980
-66763
-27757
-73725
-17539
-72684
74863
62261
51564
-91891
-91544
13632
41752
53148
-47457
-87764
-61381
24142
-90525
73603
68840
3380
-58223
14561
46484
-48698
26403
45556
13244
16195
-71642
27189
-79704
-43934
86350
-53586
-38628
-49232
57047
61130
45824
-28117
66163
-15585
86142
-22275
-92677
85821
74285
54398
-43504
-8905
88312
61633
44304
-24210
-29694
-6162
64
47836
86959
-4777
-58125
-88717
-7807
-83483
-13188
-32485
-31488
-28536
88971
36916
-46212
51988
-48788
-96549
-75935
11769
-32659
-68703
34884
90995
-96073
-25270
54799
389
-19050
-27722
51332
-14564
86600
51444
996
4345
-33039
46207
50356
-29508
51249
-19463
88942
-2567
18631
17051
62649
87323
-84211
84625
-83878
-15222
-73374
5649
-92415
91431
-31758
52776
-35466
73261
-16555
-15675
16604
79725
-85869
-48655
-7006
72687
-41884
23907
44630
-12193
37616
-7691
88751
-25769
-56630
-10668
88497
99968
-13896
55023
52579
-87840
-69984
63093
-81031
-87795
6946
-46912
28117
-27926
32681
-52173
-32189
7128
27217
44352
99583
-95923
-35777
-77662
-44484
-73948
-10765
85097
-11261
58190
-42284
-90689
86463
-79269
96114
94602
93027
29822
-38506
-3715
7699
11129
-9784
-90867
38251
50359
-94317
-42693
-89545
49111
-22219
-94138
-60711
-62304
-21872
-14921
-58417
-18066
-22674
-87039
-55345
-84870
-98300
48950
38940
75064
-58765
5741
47451
92873
65260
-74425
-25579
30352
95868
-33919
70976
-78858
60758
-43067
2336
99273
99752
-40847
-51228
-41924
-45188
45323
-96547
-18028
33640
-23743
-69292
91126
-45887
16271
-63672
-99973
33459
1124
-44654
68681
-97449
-60140
51335
50468
-79866
39235
-20814
17628
10685
56786
66843
-10056
-57802
95840
-37858
-1202
48822
-24165
38148
-31829
82919
-48852
32588
92836
88939
-16124
-73229
-19704
41283
-98504
63998
-84368
-8695
-70301
-88448
48612
-77679
59868
-44191
-29016
-26693
93947
-66135
-52333
-47300
-73746
-82111
11558
21927
39495
-95244
88973
-3982
26040
8276
5957
-51557
67041
-14360
34266
-71114
-42740
-96842
16574
12423
26750
53354
-96248
-26176
81557
7872
-13861
-96200
-73757
6849
76318
-37909
55612
-69500
-52741
-40427
-96341
47440
28882
20230
59717
-26906
45240
49301
58066
-81954
89559
-54737
-99578
-95871
78345
-14033
14243
80307
77920
-68427
-75311
-87374
99392
48279
72619
74236
79854
62627
15665
-19556
-98231
41131
73968
49636
5687
-39127
35650
-21595
-48010
-39569
38453
36602
7190
-89159
-36965
75310
42084
-95775
74909
-32565
10358
-65121
46953
21403
7779
38904
37285
-81412
-46495
-1368
-6109
-31057
-85476
-87145
-54390
50959
76920
-59867
54198
-30812
16167
-41194
53005
-13674
13092
-25333
-31898
-76020
-26695
68947
-12040
1345
-28439
-82015
57351
68820
-94640
-59374
10312
-28045
43430
-4885
-37541
83062
5687
43708
-56077
-74789
66934
30574
-92478
46581
59909
91006
63494
86074
-59008
2110
-74242
-17475
-33524
-20636
-40935
87052
42366
-7714
23033
79281
-17586
-88475
-98569
-98574
91059
50935
94735
-35348
-71793
-2048
15407
-7109
93604
6062
-80179
84473
-58476
57556
-71167
98101
61293
46250
-14503
-36249
-97936
83182
-21104
-88750
85963
36690
77815
26321
43909
12357
-25954
-45469
-10741
39006
82634
70438
86917
78091
66867
-52398
81032
70220
-69307
5723
-51079
77014
20371
-99248
44088
-91679
-46021
28258
89551
-62076
-11890
-21786
-64868
62112
-59944
26911
58411
-11924
-68071
-71719
24416
15742
84920
-63811
44533
62216
-95632
-81476
38949
-70112
39598
-32640
26437
-84834
-85892
50801
74504
-75656
-26259
89387
11717
-40303
62814
55569
28969
-89037
-33780
11135
-18058
-24583
48729
-38280
-89064
40408
-78265
10335
30476
54457
-98835
-27178
70841
11832
402
22633
-31603
82364
40178
65646
-78911
-50542
7906
60953
-13793
-23104
-89621
92383
-81963
-62636
-51556
90595
-41093
55532
-50014
-62322
-77851
25282
55298
-28085
-66220
-26405
-16573
46586
17582
-56717
-69496
12193
9147
77434
3805
-98142
46106
87142
92835
40489
-507
47155
-44973
87705
25132
-36869
25890
-80042
52548
-91325
-82943
-53269
-44052
-41149
27697
-41851
52572
23093
35561
85086
89185
-47881
47459
-89465
5363
-81502
96625
-34701
-81229
-43859
44868
-56315
72085
42946
87023
-59799
32213
64953
-71584
-62896
15237
-81232
-45202
19002
2030
-85664
-39467
85768
95262
18081
-90244
63618
-22527
-56249
-88348
50303
30985
-83910
-14582
28035
-40614
-50421
-49467
99391
19084
65672
66480
-73345
-68640
71450
-29382
-47356
-33491
-87354
92359
29337
62918
21258
77727
-24617
77750
-99340
78020
-45855
85809
-14571
31817
55698
97095
52888
-69527
-34431
7621
44990
5058
78078
16944
-13167
43503
-86077
-1755
49337
-65626
28364
-49457
94826
-11929
-27387
-11745
-25001
-48453
79890
-83098
-85224
-68639
-51850
-91835
-6684
-32778
-67561
-9823
53736
405
-12682
-20742
-88844
-85357
-84896
60317
54896
-64416
82058
-85689
-4676
-75678
53858
67672
-8235
-66234
38707
11236
67531
84968
42452
41631
-95899
-53534
26104
19418
-56809
66886
87675
-53519
97719
-48445
14975
15603
85275
-73819
-81021
28581
38315
39112
-97165
31686
-62517
59492
17692
-35392
-88872
36261
-29090
60824
46530
-7483
1761
79540
-83444
-54278
54678
80754
-89880
17201
38925
95038
11630
9330
72476
70631
68397
-99859
-90267
-2359
59162
87262
-78733
-77111
21982
-28472
41724
59670
-33644
-84971
-68981
7010
21605
-29617
-2391
-98352
-76687
92841
82631
-81487
51180
-3654
1982
67328
-78865
-98309
-88987
-27016
-95693
27910
95925
5803
-12207
-30014
22244
-262
86133
84451
52769
-649
52774
13551
-53585
24992
-84132
-52520
86786
64442
58487
72095
19054
80947
-1995
95017
-31400
83609
-43137
-58818
-86118
76383
-38184
92643
-41100
6673
-77352
23809
-18375
-84938
-76814
76465
58793
-89380
-3615
-80265
-58494
-1898
-13521
-96923
-68792
-23076
52192
-60861
98018
87800
-86189
-9369
-50073
-79788
-73657
-95110
90363
40628
-34740
27626
-72182
-98311
42745
-4798
-39536
44425
-41843
-24359
-92811
-39551
-21336
5374
-5826
85760
75310
-71927
52927
62705
33480
65763
-45229
-26297
34154
-41472
-88653
68465
-75762
-37209
-15145
81960
43127
20559
-41919
-43344
80975
-68007
-87997
-30648
-96889
-46238
71553
19916
-6876
33757
16698
-54582
-60164
-46375
82903
-18248
-42889
25728
64783
66887
83446
-64830
96780
-31257
13569
34123
-45782
44847
-81277
57641
59463
-40434
77799
-78053
-62274
-2884
-8492
-25037
95766
75633
-15135
59551
49227
80272
-78409
-22604
60591
-66833
87431
43951
-42649
78585
-8636
17593
74215
-71876
-5695
-98285
-47902
-194
83406
-26152
67315
81407
-42182
92266
44482
94788
-32083
61431
71652
14988
-11010
-8764
98813
-44290
288
-79729
-42986
-52664
42915
10023
64771
35920
-73853
-59288
-27264
93317
-74496
79574
20780
86179
92257
90968
-42700
-74028
-67927
-11348
85150
95096
11185
28887
-39159
46551
-13671
56812
49363
20716
54719
-84907
-69519
24375
3553
72192
12753
96978
-47143
-11068
-43648
-63775
52484
-96448
-52118
-42578
-46830
-84815
-9968
-23992
96583
-46080
-4581
-7069
72166
54274
-17010
84213
-67399
97508
-82216
61510
52078
63772
47720
-7302
-19180
66050
16738
-84872
-26569
-96393
-30862
31326
-22540
-5632
38018
25581
85407
-46507
64424
89515
9309
85953
89426
-85448
20391
-93525
-20843
-31288
32621
75536
45772
33496
28861
48488
55092
-51628
52418
-3462
-3046
-69615
27977
98171
-6882
2821
-67758
-71160
93731
-50916
-4389
-87163
81426
29703
-7169
-6963
-60464
35555
-16659
70227
-71626
29102
17317
-5358
-62006
-92349
-19498
56039
57706
23743
-22297
82192
-46188
94294
-30728
15526
-69685
54221
87521
41562
87273
-27847
-15902
28442
62679
57672
-9667
-14005
-58161
-36435
13241
-47545
29890
-48740
-70010
-62484
-17610
29868
-13767
-47935
80580
31670
-85385
-68159
-31456
35205
-53778
-99350
61445
54232
-37584
49885
7603
-1680
69967
-75394
92395
87652
-84825
-88911
51538
-36895
-8393
-27305
53382
65852
-66494
-24959
11102
-65413
3455
12002
-36936
-24492
-17173
7681
-15490
-51497
62556
25841
7476
-65944
57190
-45601
-81147
65066
33502
-31143
-97306
-89310
58841
71180
53234
-89827
95889
-18335
-31690
89190
-94212
-36927
12029
-87337
73867
8228
-59237
62753
24380
21494
-5036
41559
64116
-91161
85788
7208
17253
57171
40224
45890
-41622
53110
-48160
-66701
-89814
-29160
79565
-78206
-4167
84005
82038
7060
1581
-90200
-66569
46403
-52345
-21705
-39340
-31199
-2758
61582
-94272
-44799
-74373
-32810
36015
-444
18671
31757
60188
-7280
-97098
-88407
39701
36936
-92098
-79984
-74399
-36746
-64155
-31440
21074
23117
93744
-6423
97806
24498
-72976
87628
-54500
-15220
51570
-89569
-43548
-31841
-90432
46933
85295
56093
-94356
-16400
-20885
39021
59948
-75335
6208
60548
-44954
52329
-35152
-16697
27012
47635
-67998
4804
68535
45518
-59754
-16866
-13053
-46206
-19360
-84477
94827
54275
86285
63445
77118
-36477
-37167
-60156
7790
-91874
-919
-96187
-54706
-26335
-83582
-96134
-46626
60894
-24404
-39188
15747
28780
-3817
1302
71342
-48373
91446
82689
-95264
-19647
99211
-58791
-44194
82946
-20907
-93152
-19947
-24958
-54012
89854
-64296
79894
1267
-60157
3482
-61723
19428
40674
29821
4708
50071
-95302
-50622
9093
-69111
18577
3433
50638
47254
22885
97556
70477
66926
-57484
-92192
85421
72491
81040
-23748
72212
7955
72791
58780
-21821
-58470
95600
-50754
-91481
-67586
-11165
-47934
68585
81482
-36338
75415
-83310
-66553
72869
39024
-30786
-60374
-78688
-90031
63521
-10951
53021
-20618
42498
80364
43264
-88400
88099
96506
1817
-42854
-12405
-88490
92266
-49510
-28983
74281
98730
48045
-77049
-49378
-74785
74192
56113
1629
61848
99787
96548
21563
-11981
-33934
-17884
-52267
-52413
18821
-52952
-77611
58209
-18000
50888
47871
-8945
-28737
-44929
17471
17720
65297
27983
-87428
-9766
-47662
71586
73248
29759
-95426
94664
42918
-25892
-68487
-77150
83182
-22091
87135
-53000
69814
-38913
33530
14869
-92066
24739
-66248
-71687
10215
51896
36123
-8805
-31451
-35208
-14859
-73420
37073
-82420
62944
-88375
-26602
54747
-65591
-94163
-2385
52243
-15706
-3568
-94551
-81347
-24982
-53013
86637
-62878
-25022
44299
19755
-29965
50065
42410
85293
-89173
51325
-71350
36309
-95885
-60593
-85644
-45840
-55580
31607
84505
689
-78526
45300
51072
5888
5784
88157
5290
-66002
30591
-66214
-43575
-69125
59659
95491
57052
-35338
25757
-68463
78560
7985
12216
-55894
93138
78249
-65734
-42476
-75828
-81019
55550
71034
95632
-70018
39022
-28881
61666
-43760
59402
22390
-26255
-23449
74914
75282
94894
85407
79908
-31231
-73499
95827
-49340
-28133
31920
-73220
19398
54502
-39295
1441
55611
-97185
93777
83236
-12307
-80984
33835
-69035
34798
-40982
54114
77716
91834
-73706
39414
25360
15200
17251
13254
29360
78515
85648
-25372
-54210
39516
-6575
-58270
98460
-17286
-77160
-58405
68258
71640
-36716
-87232
-79646
61506
-11592
8544
-27400
-98610
29385
-92774
-66735
-83795
63988
-50300
-54731
19328
24921
8307
-64037
41740
-49304
-67071
-58199
-76233
-32982
-18621
-27850
1665
4883
-47195
64527
-30298
71491
-51755
11753
-61351
-86333
44024
58723
-77844
-93460
-24810
19626
-72384
-39509
99475
80789
-10789
-56416
-50041
-23314
60276
74531
16479
37341
-79753
-80723
3732
-270
10097
45476
17744
-17367
-79997
-13308
-86489
-89
32028
14683
-10716
-80165
-83264
-63331
35895
-18232
-49877
63096
-22489
-54428
-66653
-75064
-46904
-86387
81465
-12123
-50620
78725
-12260
8492
96240
51337
-82178
-89895
-60513
-24308
-11297
82998
-23104
54471
8550
80672
-81868
-94513
-87279
71121
-159
-98210
43863
72567
-68801
-29610
-17938
45638
9465
98505
69218
-3515
89052
-27180
31317
49662
12569
-20677
-79933
-36225
-58911
55392
-26785
2978
-30538
-72000
74461
-60960
-31286
64648
-98812
-91812
75375
78681
-7853
-89897
-36676
14941
-18713
-4442
29716
45729
64757
42181
-33017
31939
79356
-54005
-33172
-45868
-26577
6311
-59284
56239
69694
2172
-31833
-26745
68723
72682
43630
-14464
-25639
-20728
-71181
78539
57870
-6027
76845
-33212
77016
-17499
55982
33752
-78283
-46442
-71934
-26285
-67189
-20546
-44909
-98968
82900
-83290
5226
32467
59583
45581
-13735
15345
-63325
98331
-11026
-3115
570
1356
-42373
-74299
-12044
41691
14609
-5283
-36318
62359
-68578
83526
24629
46516
99143
13253
48079
40735
62136
82577
29348
-13175
91141
87449
6363
59035
88154
82454
-85094
40086
45997
-97791
90687
44859
62121
-59588
76014
-75331
-10493
71950
-10630
52944
-51394
-66569
-73463
-29900
-26055
-81609
13201
94612
-83901
59078
31797
45349
-66042
70502
-49238
28593
-80668
35393
40463
6659
14031
-97977
-28432
-88158
39985
97996
-9544
-66415
-60499
-95589
-98496
64496
-2281
-32180
-79364
-87299
27035
47012
98128
50000
-73364
-70207
-72045
84556
47345
-44578
39270
-45058
25268
-38294
-25773
82087
66626
36182
12939
-80108
88598
-64952
-61875
-71252
-1662
-70125
-62196
59292
81294
-91989
28897
-91633
-64108
99148
5771
51009
-73076
14372
32910
53411
9212
94658
-98436
-55117
63387
-66009
63256
28188
94309
-80058
73196
82395
-9438
-94030
-10289
42813
98291
-98788
-80468
20723
-96287
-64151
-92753
1689
-85776
-96231
87741
97726
-16556
-89350
-90815
-80880
-28291
-62111
17398
-6486
20261
15533
-61263
-57041
24123
52661
32473
-44406
37100
13940
-24129
27445
61324
-89733
67334
-14089
-40411
16662
93237
-64985
74304
10957
32824
-27540
-54219
-30663
83239
-73157
67066
-83717
98769
-31992
64224
-55363
95558
6777
-62841
-84830
-65317
60713
63225
-8154
-51600
-34217
13
-26001
-12006
-14394
-93966
-59821
20332
-56789
-53076
-86544
-90663
-72179
-27266
65742
51345
-85842
-48654
58140
-70586
43420
6893
-46843
20289
19875
44631
8195
85312
82545
-909
62842
-27891
-56758
53136
83804
-28601
3796
-40096
-62476
-37398
74563
75369
-2521
20889
23629
-78438
53742
-3545
-75402
-49492
-33479
-44098
-79321
-58936
-135
-40930
-29478
-31429
-46703
71551
44454
36057
32294
56925
3693
79476
3269
-45959
5284
-31913
-86346
42479
52960
-45216
-23727
-93080
-43018
-17468
64829
28173
97195
52092
59743
25919
70161
-81422
-4364
35071
54604
25337
60540
71490
-69664
54382
-66030
24464
10043
11303
-34802
21077
-97296
29992
2511
38677
-96103
-2457
-82185
47598
96264
-76268
-3157
-30430
-5716
20586
38380
1459
-82003
63379
-5481
59284
12254
79729
-6232
35231
-75353
-90895
95277
52773
47044
-19334
-88141
40755
59867
-98600
36867
11835
63758
-8795
81317
8932
18222
66529
77960
-91032
-20075
-51330
162
-91126
74189
-13228
80913
804
32339
-86362
-22960
44154
67203
75783
59098
62600
84449
-78033
9504
-62396
-55930
66447
-21538
-41811
-8865
97661
37693
-14224
-5301
-29104
-70673
